	users (count)	users (count)	users (count)	users (count)	users (count)	users (count)	usage (percent)	usage (percent)	usage (percent)	usage (percent)	usage (percent)	usage (percent)
login node	1	2	3	4	5	6	1	2	3	4	5	6
2018-12-06 17:15 MST	118	69	94	54	67	96	53	22	18	8	9	15
2018-12-06 17:20 MST	111	46	89	74	68	85	27	24	25	10	7	20
2018-12-06 17:25 MST	111	48	90	74	67	86	24	24	25	9	6	23
2018-12-06 17:30 MST	110	47	88	73	67	86	25	20	27	8	4	19
2018-12-06 17:35 MST	112	47	87	72	68	88	27	17	27	8	5	14
2018-12-06 17:40 MST	111	48	89	71	67	86	27	19	29	9	6	17
2018-12-06 17:45 MST	111	47	90	72	66	84	26	17	28	10	7	19
2018-12-06 17:50 MST	112	48	90	3	67	85	29	16	30	13	7	17
2018-12-06 17:56 MST	109	49	87	4	65	84	30	15	30	16	7	16
2018-12-06 18:01 MST	106	49	87	5	64	84	28	13	26	12	6	14
2018-12-06 18:06 MST	108	48	87	9	62	82	30	14	22	9	6	13
2018-12-06 18:11 MST	108	48	87	9	62	82	32	14	25	9	7	12
2018-12-06 18:16 MST	105	43	85	9	63	81	34	14	26	10	7	14
2018-12-06 18:21 MST	102	43	86	10	62	82	31	14	28	6	7	15
2018-12-06 18:26 MST	101	42	85	11	60	81	33	14	28	7	6	11
2018-12-06 18:31 MST	100	41	86	11	59	80	30	14	29	6	5	10
2018-12-06 18:36 MST	100	42	83	12	58	79	33	15	28	5	4	11
2018-12-06 18:41 MST	98	41	83	12	59	76	31	13	30	4	4	12
2018-12-06 18:46 MST	98	40	82	14	56	75	30	13	26	3	7	12
2018-12-06 18:51 MST	98	40	82	17	58	74	29	12	26	2	10	12
2018-12-06 18:56 MST	97	40	82	17	58	75	29	12	29	2	9	10
2018-12-06 19:01 MST	97	40	81	16	57	74	30	12	25	2	10	14
2018-12-06 19:06 MST	97	39	78	16	58	74	29	12	19	2	8	11
2018-12-06 19:11 MST	96	39	78	15	58	73	29	12	18	2	9	10
2018-12-06 19:16 MST	93	39	78	16	56	70	28	15	18	3	8	10
2018-12-06 19:21 MST	93	37	78	17	56	70	29	14	18	5	9	10
2018-12-06 19:26 MST	91	34	75	18	57	69	30	12	16	5	8	10
2018-12-06 19:31 MST	89	33	74	17	57	68	30	12	18	5	7	10
2018-12-06 19:36 MST	90	33	75	15	57	67	29	12	19	5	8	10
2018-12-06 19:41 MST	89	33	74	16	57	67	30	12	17	5	8	13
2018-12-06 19:46 MST	89	33	73	18	58	68	30	13	20	3	11	11
2018-12-06 19:51 MST	89	33	74	19	59	67	30	13	22	5	12	11
2018-12-06 19:56 MST	88	32	74	21	60	68	32	14	23	3	12	10
2018-12-06 20:01 MST	88	32	76	21	58	69	33	12	22	4	10	13
2018-12-06 20:06 MST	89	32	78	21	57	69	34	12	23	3	8	13
2018-12-06 20:11 MST	89	33	78	23	57	73	31	12	24	4	8	13
2018-12-06 20:16 MST	89	33	78	22	59	73	31	12	26	6	7	13
2018-12-06 20:21 MST	90	33	78	23	58	71	30	12	27	6	11	14
2018-12-06 20:26 MST	87	31	80	25	56	70	28	12	24	7	13	14
2018-12-06 20:31 MST	87	33	77	25	55	69	29	12	25	5	17	16
2018-12-06 20:36 MST	88	33	76	23	56	69	30	13	23	5	15	16
2018-12-06 20:41 MST	88	33	77	24	55	70	31	12	25	5	10	15
2018-12-06 20:46 MST	88	33	76	24	54	70	30	13	24	4	6	14
2018-12-06 20:51 MST	87	32	76	24	56	69	28	12	22	5	7	14
2018-12-06 20:56 MST	87	31	73	23	55	69	25	11	18	6	7	20
2018-12-06 21:01 MST	86	32	73	23	55	69	25	12	17	5	8	24
2018-12-06 21:06 MST	86	33	75	23	54	69	25	16	16	5	9	22
2018-12-06 21:11 MST	86	33	76	22	54	66	24	15	17	4	12	25
2018-12-06 21:16 MST	85	33	75	23	54	66	26	15	17	5	13	22
2018-12-06 21:21 MST	87	34	76	24	54	67	31	14	18	6	13	20
2018-12-06 21:26 MST	87	34	77	24	53	68	29	15	17	6	14	19
2018-12-06 21:47 MST	84	32	76	21	51	68	27	16	22	2	12	19
2018-12-06 21:52 MST	85	31	76	21	48	68	25	15	21	2	12	17
2018-12-06 21:57 MST	85	31	73	21	49	68	24	16	18	1	10	19
2018-12-06 22:02 MST	83	30	72	21	47	69	23	16	18	2	10	19
2018-12-06 22:07 MST	83	30	74	23	47	69	23	17	18	2	7	18
2018-12-06 22:12 MST	83	30	73	22	48	71	24	16	17	4	6	17
2018-12-06 22:17 MST	84	32	71	24	49	68	23	17	18	3	5	22
2018-12-06 22:22 MST	85	33	71	24	48	70	25	17	20	2	6	26
2018-12-06 22:28 MST	86	33	70	24	48	72	31	18	18	1	6	21
2018-12-06 22:33 MST	85	32	67	24	45	72	29	18	15	2	7	21
2018-12-06 22:38 MST	85	33	68	24	45	73	25	17	13	3	5	21
2018-12-06 22:43 MST	84	33	67	25	46	73	24	17	13	3	6	22
2018-12-06 22:48 MST	85	33	68	25	45	73	24	17	13	4	7	24
2018-12-06 22:53 MST	86	32	71	26	45	74	23	17	13	3	12	29
2018-12-06 22:58 MST	86	32	69	27	45	74	24	16	15	2	9	28
2018-12-06 23:03 MST	86	32	69	27	46	74	25	15	14	4	8	28
2018-12-06 23:08 MST	85	32	69	27	46	75	24	15	14	3	9	27
2018-12-06 23:13 MST	85	32	70	26	47	75	24	15	16	5	10	24
2018-12-06 23:18 MST	85	34	69	26	46	75	24	16	16	3	9	22
2018-12-06 23:23 MST	82	33	68	26	44	73	24	14	16	2	8	21
2018-12-06 23:28 MST	82	31	68	27	43	72	24	13	17	3	8	22
2018-12-06 23:33 MST	84	31	66	27	42	72	25	12	19	3	7	24
2018-12-06 23:38 MST	83	31	67	27	42	72	24	12	19	2	8	23
2018-12-06 23:43 MST	84	31	66	26	41	71	23	12	19	1	6	20
2018-12-06 23:48 MST	83	30	67	24	41	71	22	11	18	4	6	17
2018-12-06 23:53 MST	82	30	66	23	42	70	23	12	17	2	7	10
2018-12-06 23:59 MST	80	30	67	24	42	69	24	11	20	2	6	8
2018-12-07 00:04 MST	78	29	67	23	41	68	23	13	17	2	7	7
2018-12-07 00:09 MST	78	28	67	23	42	67	24	12	16	2	6	9
2018-12-07 00:14 MST	78	29	69	23	41	65	24	12	16	7	5	10
2018-12-07 00:19 MST	79	30	69	24	41	65	24	12	14	9	5	9
2018-12-07 00:24 MST	79	29	69	23	41	64	26	15	14	9	7	8
2018-12-07 00:29 MST	78	29	69	23	41	65	25	13	14	4	6	9
2018-12-07 00:34 MST	77	28	68	22	42	65	26	12	14	5	7	8
2018-12-07 00:39 MST	77	29	67	21	43	65	26	12	14	16	8	8
2018-12-07 00:44 MST	77	31	67	21	43	66	25	11	18	19	6	8
2018-12-07 00:49 MST	76	30	68	21	43	68	26	11	16	15	6	9
2018-12-07 00:54 MST	76	30	70	21	43	68	25	11	15	10	4	11
2018-12-07 00:59 MST	76	30	69	20	43	69	25	11	14	5	4	13
2018-12-07 01:04 MST	76	29	69	20	43	69	23	11	16	5	4	13
2018-12-07 01:09 MST	76	29	68	20	42	68	26	11	14	6	4	13
2018-12-07 01:14 MST	76	29	68	20	41	66	26	11	14	6	5	13
2018-12-07 01:19 MST	76	28	68	20	42	66	25	11	14	5	5	12
2018-12-07 01:24 MST	76	27	68	19	41	66	25	11	14	2	7	13
2018-12-07 01:29 MST	75	25	68	19	41	64	24	11	14	2	9	11
2018-12-07 01:34 MST	75	25	68	19	42	62	23	11	14	1	6	11
2018-12-07 01:39 MST	75	24	68	19	41	62	23	11	13	2	6	13
2018-12-07 01:44 MST	75	23	68	18	41	61	23	11	13	1	5	14
2018-12-07 01:49 MST	75	23	68	18	41	61	23	11	15	1	6	14
2018-12-07 10:55 MST	118	69	94	54	67	96	53	22	18	8	9	15
2018-12-07 11:00 MST	119	69	94	56	69	97	51	22	16	7	14	17
2018-12-07 11:05 MST	117	69	93	56	68	97	49	22	19	12	25	17
2018-12-07 11:10 MST	119	69	93	55	68	96	41	28	25	11	30	27
2018-12-07 11:15 MST	118	69	94	55	69	96	37	31	22	42	33	28
2018-12-07 11:20 MST	117	69	94	54	68	97	36	26	22	56	34	25
2018-12-07 11:25 MST	118	71	92	55	67	99	35	28	17	27	33	21
2018-12-07 11:30 MST	117	70	93	54	67	100	39	27	20	19	35	31
2018-12-07 11:35 MST	117	71	93	54	68	99	36	23	17	13	38	24
2018-12-07 11:40 MST	118	69	93	55	69	101	34	21	18	11	36	22
2018-12-07 11:45 MST	119	68	93	58	70	102	34	21	18	11	35	21
2018-12-07 11:50 MST	118	70	91	57	71	102	31	26	17	12	33	19
2018-12-07 11:55 MST	118	70	90	56	71	102	33	28	18	12	38	20
2018-12-07 12:00 MST	120	69	88	55	71	101	31	23	18	15	35	19
2018-12-07 12:05 MST	117	68	87	56	73	101	32	20	18	15	32	20
2018-12-07 12:10 MST	118	68	85	56	73	101	35	31	17	13	32	22
2018-12-07 12:15 MST	118	68	83	55	74	100	37	30	18	11	34	17
2018-12-07 12:20 MST	117	69	85	55	73	101	34	32	19	11	38	17
2018-12-07 12:25 MST	117	69	86	56	73	101	34	31	18	10	30	15
2018-12-07 12:30 MST	118	67	86	56	73	101	33	25	20	11	21	15
2018-12-07 12:35 MST	117	65	88	56	73	99	31	19	25	11	18	14
2018-12-07 12:40 MST	116	66	86	56	72	95	26	18	25	12	15	14
2018-12-07 12:45 MST	118	66	85	58	73	97	28	17	21	10	15	16
2018-12-07 12:50 MST	119	65	83	58	73	97	26	15	19	11	15	16
2018-12-07 12:55 MST	118	65	86	60	72	99	35	13	18	9	18	17
2018-12-07 13:00 MST	118	68	88	60	71	101	38	12	20	13	23	15
2018-12-07 13:05 MST	116	66	87	57	69	99	41	12	23	10	21	15
2018-12-07 13:10 MST	116	65	86	55	69	98	41	13	26	11	20	14
2018-12-07 13:15 MST	117	65	86	56	69	97	39	15	23	9	20	14
2018-12-07 13:20 MST	118	65	86	57	71	98	40	18	22	14	26	14
2018-12-07 13:25 MST	119	66	87	60	68	97	38	21	25	14	25	19
2018-12-07 13:30 MST	118	67	88	61	68	97	43	24	27	15	26	24
2018-12-07 13:35 MST	119	69	89	60	68	97	41	23	26	13	22	19
2018-12-07 13:40 MST	117	68	90	60	68	95	41	22	23	8	21	18
2018-12-07 13:45 MST	117	68	91	60	69	96	43	19	22	7	23	19
2018-12-07 13:50 MST	117	69	92	61	69	95	41	17	24	6	21	20
2018-12-07 13:55 MST	118	68	93	62	70	95	43	22	25	6	19	21
2018-12-07 14:00 MST	120	69	94	60	70	95	42	23	30	10	19	24
2018-12-07 14:05 MST	119	69	92	59	68	96	39	20	35	10	17	20
2018-12-07 14:10 MST	121	70	94	60	69	98	44	26	39	15	18	22
2018-12-07 14:15 MST	123	69	98	60	68	98	46	25	45	12	16	18
2018-12-07 14:20 MST	123	70	99	59	69	99	45	24	56	13	14	20
2018-12-07 14:25 MST	124	70	98	60	69	102	42	25	49	14	12	20
2018-12-07 14:30 MST	123	69	99	59	69	100	37	25	44	11	16	32
2018-12-07 14:35 MST	121	69	99	58	67	99	36	32	45	10	15	29
2018-12-07 14:40 MST	122	68	98	60	67	99	34	25	49	13	11	24
2018-12-07 14:45 MST	122	64	97	58	69	102	33	26	44	12	10	23
2018-12-07 16:59 MST	96	59	78	45	63	90	36	15	23	8	4	15
2018-12-07 17:04 MST	97	60	79	46	64	90	35	14	22	8	5	16
2018-12-07 17:09 MST	95	58	79	42	64	91	35	14	20	8	5	16
2018-12-07 17:14 MST	96	58	74	41	63	89	32	15	20	7	4	19
2018-12-07 17:19 MST	98	56	73	42	64	89	31	16	20	8	4	17
2018-12-07 17:24 MST	95	55	72	42	65	89	34	17	20	8	4	16
2018-12-07 17:29 MST	95	53	70	42	64	88	35	18	22	8	3	16
2018-12-07 17:34 MST	92	54	71	37	62	88	35	16	24	8	4	18
2018-12-07 17:39 MST	91	54	70	36	62	88	36	15	27	7	4	19
2018-12-07 17:44 MST	89	53	67	36	59	87	39	15	26	10	5	19
2018-12-07 17:49 MST	89	51	67	35	58	86	39	17	28	12	7	19
2018-12-07 17:54 MST	89	52	66	34	56	86	38	17	27	12	5	21
2018-12-07 17:59 MST	89	51	66	33	56	86	39	15	27	12	8	20
2018-12-07 18:04 MST	88	51	66	33	56	85	36	15	27	12	9	19
2018-12-07 21:22 MST	72	36	59	30	48	67	27	14	14	13	7	16
2018-12-07 21:27 MST	72	38	59	31	47	65	25	13	15	13	5	16
2018-12-07 21:32 MST	71	38	59	30	46	65	21	13	16	13	5	16
2018-12-07 21:37 MST	71	37	59	30	46	65	20	13	16	13	4	16
2018-12-07 21:42 MST	71	37	59	30	46	65	20	12	16	13	4	17
2018-12-07 21:47 MST	71	37	59	30	45	65	21	13	15	13	3	17
2018-12-07 21:52 MST	71	37	59	30	45	67	21	14	14	14	4	18
2018-12-07 21:57 MST	71	37	60	30	47	67	19	14	14	13	4	18
2018-12-07 22:02 MST	71	38	59	28	46	68	19	15	12	12	4	19
2018-12-07 23:27 MST	75	39	57	27	42	62	18	15	13	11	4	16
2018-12-07 23:32 MST	73	38	58	26	42	62	19	15	13	11	4	16
2018-12-07 23:37 MST	74	38	58	26	39	62	19	15	12	12	4	16
2018-12-07 23:42 MST	73	38	58	26	39	62	18	15	12	11	4	16
2018-12-07 23:47 MST	74	37	57	25	37	61	18	14	12	11	3	15
2018-12-07 23:52 MST	74	36	56	25	37	61	18	15	12	10	4	16
2018-12-07 23:57 MST	74	36	56	25	37	62	19	17	12	10	4	15
2018-12-08 00:02 MST	75	38	56	25	37	62	19	19	12	11	4	17
2018-12-08 00:07 MST	75	38	56	25	37	61	21	20	12	11	3	20
2018-12-08 00:12 MST	76	38	56	25	37	61	19	17	13	10	3	16
2018-12-08 00:17 MST	76	39	56	25	37	60	19	17	12	10	4	15
2018-12-08 00:22 MST	76	39	57	25	37	59	19	17	14	10	3	13
2018-12-08 00:27 MST	75	38	56	25	38	59	20	19	15	10	3	12
2018-12-08 00:32 MST	75	38	56	25	38	59	19	17	14	10	3	13
2018-12-08 00:37 MST	74	38	55	26	39	59	19	15	14	10	3	13
2018-12-08 00:42 MST	73	38	54	26	38	58	20	14	18	10	3	13
2018-12-08 00:47 MST	72	38	54	26	38	58	20	13	16	10	3	13
2018-12-08 00:52 MST	73	36	54	27	37	58	21	13	15	10	3	13
2018-12-08 00:57 MST	72	36	55	26	36	58	19	14	17	10	3	13
2018-12-08 01:02 MST	72	36	55	26	36	57	20	14	17	10	4	13
2018-12-08 01:07 MST	71	35	56	24	34	56	20	15	14	11	3	12
2018-12-08 01:12 MST	69	35	56	24	34	56	19	15	14	10	3	13
2018-12-08 01:17 MST	69	35	55	23	34	56	20	14	16	11	3	12
2018-12-08 01:22 MST	69	35	54	22	34	57	18	13	18	10	3	12
2018-12-08 01:27 MST	70	35	54	22	34	56	19	13	17	10	3	11
2018-12-08 01:32 MST	69	35	55	22	34	56	18	13	17	10	3	10
2018-12-08 01:37 MST	69	35	54	22	32	56	18	14	18	10	3	10
2018-12-08 01:42 MST	69	35	54	21	32	56	19	14	19	10	3	12
2018-12-08 01:47 MST	69	35	53	21	32	56	20	17	19	10	3	10
2018-12-08 01:52 MST	70	35	52	22	32	56	20	20	20	11	3	11
2018-12-08 01:57 MST	70	35	52	22	32	56	20	16	20	11	3	11
2018-12-08 02:02 MST	69	35	52	22	32	56	20	14	18	10	3	10
2018-12-08 11:27 MST	81	39	54	31	40	62	17	15	12	15	2	24
2018-12-08 11:36 MST	82	41	56	32	40	63	18	15	12	15	1	21
2018-12-08 11:41 MST	83	40	56	32	39	64	18	15	12	12	1	18
2018-12-08 11:46 MST	83	40	56	34	39	63	18	15	10	12	0	17
2018-12-08 11:51 MST	83	39	55	34	38	65	18	16	9	12	1	16
2018-12-08 11:56 MST	82	40	57	32	39	65	17	18	9	12	2	18
2018-12-08 12:01 MST	81	40	58	31	40	64	17	19	9	12	3	18
2018-12-08 12:06 MST	82	39	58	31	40	64	16	19	9	12	3	18
2018-12-08 12:11 MST	82	40	58	32	40	63	15	19	10	13	3	19
2018-12-08 12:16 MST	81	40	58	33	40	62	15	19	13	11	3	17
2018-12-08 12:21 MST	81	42	59	33	41	62	15	19	18	12	3	17
2018-12-08 12:26 MST	81	42	59	32	42	61	16	19	24	15	3	16
2018-12-08 12:31 MST	82	43	59	32	42	61	16	19	27	12	3	16
2018-12-08 12:36 MST	81	43	59	33	42	61	15	20	26	19	2	17
2018-12-08 12:41 MST	82	42	58	31	42	61	15	20	26	30	1	17
2018-12-08 12:46 MST	82	43	58	31	42	63	16	19	28	25	2	17
2018-12-08 12:51 MST	82	42	58	32	42	63	16	19	28	18	3	17
2018-12-08 12:56 MST	83	43	58	32	43	63	16	18	28	13	3	20
2018-12-08 14:01 MST	80	48	58	28	45	63	35	21	23	8	2	18
2018-12-08 15:30 MST	80	49	59	24	46	62	18	18	22	60	2	20
2018-12-08 15:35 MST	80	51	58	24	45	63	22	18	23	61	3	22
2018-12-08 15:40 MST	80	52	58	25	45	63	23	21	24	62	2	20
2018-12-08 15:45 MST	80	52	57	25	45	63	20	22	24	61	3	20
2018-12-08 15:50 MST	80	52	57	26	45	63	22	23	22	61	2	19
2018-12-08 15:55 MST	80	52	58	26	44	64	24	23	19	59	1	20
2018-12-08 16:00 MST	80	53	59	25	44	63	23	24	18	59	1	19
2018-12-08 16:05 MST	79	53	59	25	43	64	22	24	19	59	1	19
2018-12-08 16:10 MST	77	52	59	25	43	64	21	24	21	58	2	19
2018-12-08 16:15 MST	77	52	59	25	44	61	21	22	22	59	1	19
2018-12-08 16:20 MST	77	54	58	24	42	61	19	23	21	58	1	20
2018-12-08 16:25 MST	77	54	58	25	42	61	17	22	21	57	3	20
2018-12-08 16:31 MST	76	55	57	22	41	63	18	22	22	57	4	19
2018-12-08 16:36 MST	76	55	57	22	41	63	21	23	21	49	4	21
2018-12-08 16:41 MST	76	54	58	22	40	64	23	25	21	42	4	21
2018-12-08 16:46 MST	76	54	57	21	40	64	21	25	22	34	4	21
2018-12-08 16:51 MST	75	54	58	21	41	64	20	24	22	30	5	20
2018-12-08 16:56 MST	76	53	59	21	41	64	18	23	23	24	4	21
2018-12-08 17:01 MST	76	52	60	21	40	65	17	23	26	18	3	20
2018-12-08 17:06 MST	76	52	60	21	41	65	17	24	28	15	2	19
2018-12-08 17:11 MST	76	52	61	22	42	64	17	23	27	12	2	20
2018-12-08 17:16 MST	77	52	61	21	42	64	17	23	28	9	2	21
2018-12-08 17:21 MST	76	52	60	21	42	64	16	21	27	8	3	17
2018-12-08 17:26 MST	76	52	60	21	42	64	15	19	27	7	2	20
2018-12-08 17:31 MST	76	54	59	21	43	65	15	19	25	8	1	18
2018-12-08 17:36 MST	76	54	60	21	43	66	15	19	25	6	1	15
2018-12-08 17:41 MST	74	55	60	22	44	66	16	19	26	7	1	15
2018-12-08 17:46 MST	74	55	60	22	44	65	16	19	26	9	3	15
2018-12-08 17:51 MST	74	55	62	23	44	65	16	21	28	15	2	19
2018-12-08 17:56 MST	73	54	60	23	44	64	16	22	28	14	1	19
2018-12-08 18:01 MST	73	53	60	22	44	63	16	20	25	9	2	16
2018-12-08 18:06 MST	73	54	59	23	45	62	15	19	27	9	3	17
2018-12-08 18:11 MST	73	53	59	22	44	62	15	18	26	7	3	16
2018-12-08 19:51 MST	71	52	61	27	44	55	15	16	22	9	6	12
2018-12-08 19:56 MST	71	52	61	27	46	55	16	15	21	8	6	12
2018-12-08 20:01 MST	72	54	61	27	46	55	16	16	21	9	5	12
2018-12-08 20:06 MST	74	54	59	27	45	55	18	16	21	10	8	12
2018-12-08 20:11 MST	73	53	57	27	43	56	16	17	19	9	5	14
2018-12-08 20:16 MST	73	52	57	27	42	56	16	16	21	12	5	14
2018-12-08 20:21 MST	73	52	57	26	42	56	15	17	19	12	5	12
2018-12-08 20:26 MST	73	52	57	27	42	54	15	18	18	12	4	14
2018-12-08 20:31 MST	73	53	59	26	41	55	16	17	18	11	3	15
2018-12-08 20:36 MST	73	52	60	26	41	54	16	19	18	9	3	13
2018-12-08 20:41 MST	72	52	61	26	42	55	17	17	18	8	3	12
2018-12-08 20:46 MST	73	52	61	27	42	56	17	18	17	7	4	12
2018-12-08 20:51 MST	74	52	61	27	42	56	16	16	22	8	4	11
2018-12-08 20:56 MST	75	51	60	27	42	56	15	19	21	8	5	12
2018-12-08 21:01 MST	75	51	59	28	41	57	15	18	21	6	5	12
2018-12-08 21:06 MST	75	50	59	28	41	58	15	18	20	7	6	14
2018-12-08 21:11 MST	75	50	58	28	43	58	15	18	20	6	6	15
2018-12-08 21:16 MST	75	50	58	28	43	58	15	18	18	5	4	15
2018-12-08 21:21 MST	75	50	58	26	43	58	15	19	17	5	4	15
2018-12-08 21:26 MST	75	49	57	25	43	59	15	16	19	5	4	16
2018-12-08 21:31 MST	75	49	57	26	42	58	14	15	18	5	2	16
2018-12-08 21:36 MST	76	49	56	26	41	58	16	17	19	5	1	16
2018-12-08 21:41 MST	75	48	56	26	41	58	16	17	22	5	1	16
2018-12-08 21:46 MST	75	48	56	25	40	58	16	18	19	5	1	14
2018-12-08 21:51 MST	77	49	56	25	41	58	16	19	18	4	3	12
2018-12-08 21:56 MST	77	48	55	25	40	58	16	17	17	6	2	12
2018-12-08 22:01 MST	76	49	54	24	40	58	17	17	18	6	2	12
2018-12-08 22:06 MST	76	48	55	22	39	58	17	18	17	6	3	12
2018-12-08 22:11 MST	76	47	55	22	40	55	17	17	18	6	3	15
2018-12-08 22:16 MST	76	47	55	22	40	54	18	16	18	5	4	15
2018-12-08 22:21 MST	77	47	55	22	41	54	18	15	18	5	2	15
2018-12-08 22:26 MST	77	47	54	22	41	54	18	15	17	6	1	14
2018-12-08 22:31 MST	76	46	53	22	41	54	18	15	17	6	3	14
2018-12-08 22:36 MST	76	46	54	22	41	54	20	15	18	5	2	16
2018-12-08 22:41 MST	75	44	57	21	41	54	18	15	19	5	1	15
2018-12-08 22:46 MST	75	44	56	20	42	55	16	15	18	5	1	15
2018-12-08 22:51 MST	76	45	56	20	43	54	16	15	19	5	1	15
2018-12-08 22:56 MST	74	43	57	19	43	53	16	16	19	5	0	15
2018-12-08 23:01 MST	75	43	58	21	44	53	16	24	18	5	0	15
2018-12-08 23:06 MST	75	44	58	22	44	52	18	31	18	5	1	18
2018-12-08 23:11 MST	75	44	58	22	44	52	17	29	18	5	3	18
2018-12-08 23:16 MST	75	43	60	21	44	52	17	28	22	5	4	18
2018-12-08 23:21 MST	75	43	60	21	45	50	16	20	20	6	2	18
2018-12-08 23:26 MST	74	42	59	23	44	49	15	18	18	5	1	26
2018-12-08 23:31 MST	73	42	59	24	44	49	17	16	18	6	1	20
2018-12-08 23:36 MST	73	41	58	24	44	48	16	15	20	5	1	18
2018-12-08 23:41 MST	73	42	57	24	44	48	16	15	21	5	0	19
2018-12-08 23:46 MST	72	42	57	24	44	48	15	15	21	5	0	18
2018-12-08 23:51 MST	72	42	57	24	45	48	16	15	21	5	1	17
2018-12-08 23:56 MST	72	41	57	24	45	48	15	15	21	5	3	17
2018-12-09 00:01 MST	71	40	57	24	45	48	16	15	22	5	2	18
2018-12-09 00:06 MST	71	40	57	24	45	48	18	15	22	6	2	17
2018-12-09 00:11 MST	73	39	57	23	45	48	17	15	22	5	2	16
2018-12-09 00:16 MST	73	39	57	23	45	48	17	15	22	5	1	15
2018-12-09 00:21 MST	73	39	56	23	44	48	17	15	21	6	2	15
2018-12-09 00:27 MST	73	38	56	23	44	48	16	15	21	4	1	15
2018-12-09 00:32 MST	73	38	56	23	44	48	17	15	21	5	1	14
2018-12-09 00:37 MST	73	37	56	24	43	48	17	15	21	6	2	14
2018-12-09 00:42 MST	73	36	55	24	43	48	19	15	20	6	3	14
2018-12-09 00:47 MST	73	36	55	24	42	48	17	15	21	5	2	15
2018-12-09 00:52 MST	71	36	55	24	42	47	18	15	21	5	1	14
2018-12-09 00:57 MST	71	36	54	24	41	47	18	15	21	3	1	14
2018-12-09 01:02 MST	71	36	54	24	41	47	17	15	20	2	1	14
2018-12-09 01:07 MST	71	36	54	24	41	47	17	15	21	2	3	15
2018-12-09 01:12 MST	72	36	53	24	40	47	17	15	21	3	1	15
2018-12-09 01:17 MST	73	35	53	23	40	47	16	16	21	2	2	15
2018-12-09 01:22 MST	72	35	53	23	40	47	16	16	21	3	2	15
2018-12-09 01:27 MST	73	35	53	23	40	47	16	15	20	2	3	14
2018-12-09 01:32 MST	72	36	53	24	41	47	15	15	21	2	2	15
2018-12-09 01:37 MST	71	36	53	24	40	46	16	15	20	2	1	14
2018-12-09 01:42 MST	71	36	53	25	40	46	16	15	21	2	1	14
2018-12-09 01:47 MST	70	36	53	25	40	46	16	16	20	2	1	15
2018-12-09 01:52 MST	68	35	53	25	40	46	15	15	20	2	0	13
2018-12-09 01:57 MST	68	35	53	25	40	46	15	15	21	2	1	12
2018-12-09 02:02 MST	68	35	51	25	40	46	15	15	21	3	0	12
2018-12-09 02:07 MST	68	35	50	25	39	46	16	15	21	3	2	12
2018-12-09 02:12 MST	68	35	50	24	39	46	15	15	21	3	3	12
2018-12-09 02:17 MST	67	35	50	24	39	46	15	15	20	3	2	12
2018-12-09 02:22 MST	66	34	50	24	39	46	15	15	20	3	2	12
2018-12-09 02:27 MST	65	34	50	23	40	46	15	15	20	2	1	12
2018-12-09 02:32 MST	66	34	50	23	40	46	15	15	20	2	1	12
2018-12-09 02:37 MST	66	34	50	23	40	46	15	15	21	2	1	11
2018-12-09 02:42 MST	64	33	49	22	40	46	15	15	21	2	0	12
2018-12-09 02:47 MST	64	34	49	22	40	46	15	15	20	1	1	12
2018-12-09 02:52 MST	62	34	49	22	40	46	15	16	21	2	2	12
2018-12-09 02:57 MST	63	34	50	22	40	46	15	15	20	2	2	13
2018-12-09 03:02 MST	64	35	50	22	40	46	15	15	21	2	1	13
2018-12-09 03:07 MST	64	36	49	22	40	46	16	16	21	3	1	20
2018-12-09 03:12 MST	65	35	48	21	38	46	16	16	19	2	1	24
2018-12-09 03:17 MST	65	35	47	21	38	46	16	15	18	2	1	24
2018-12-09 03:22 MST	66	35	46	21	38	46	16	15	17	4	2	25
2018-12-09 03:27 MST	66	34	46	21	37	46	16	15	17	4	1	26
2018-12-09 03:32 MST	66	34	46	21	37	45	16	15	17	5	2	25
2018-12-09 03:37 MST	66	33	46	21	37	45	15	15	17	4	2	25
2018-12-09 03:42 MST	66	33	46	21	37	45	15	14	17	5	1	26
2018-12-09 03:47 MST	66	32	46	21	37	45	15	15	16	4	1	26
2018-12-09 03:52 MST	66	32	46	21	37	45	15	15	17	5	0	28
2018-12-09 03:57 MST	66	32	46	21	37	45	15	15	17	4	0	27
2018-12-09 04:02 MST	66	32	46	19	37	45	15	15	16	5	1	26
2018-12-09 04:07 MST	66	32	46	19	37	45	16	15	17	4	1	26
2018-12-09 04:12 MST	66	32	45	19	37	45	16	15	17	5	2	27
2018-12-09 04:17 MST	66	32	44	19	38	45	16	15	17	6	3	26
2018-12-09 04:22 MST	66	32	44	19	37	45	16	15	17	7	2	26
2018-12-09 04:27 MST	66	32	44	19	37	45	16	15	17	6	1	26
2018-12-09 04:32 MST	65	33	45	19	37	46	16	15	17	6	1	28
2018-12-09 04:37 MST	65	33	45	19	37	46	16	15	17	5	1	22
2018-12-09 04:42 MST	65	32	45	19	37	46	15	15	17	5	0	15
2018-12-09 04:47 MST	64	32	44	19	37	47	15	15	16	3	3	13
2018-12-09 04:52 MST	65	32	44	19	37	47	15	15	16	2	2	12
2018-12-09 04:57 MST	65	32	44	19	37	47	17	14	17	2	3	12
2018-12-09 05:02 MST	65	32	44	19	37	47	16	15	17	2	2	12
2018-12-09 05:07 MST	65	31	43	19	36	48	16	15	17	3	1	12
2018-12-09 05:12 MST	65	31	43	20	36	49	16	15	17	2	1	13
2018-12-09 05:17 MST	65	31	43	20	36	49	16	15	17	2	2	13
2018-12-09 05:22 MST	65	31	43	20	36	49	15	15	16	3	1	14
2018-12-09 05:27 MST	65	31	43	20	36	50	17	15	17	3	1	13
2018-12-09 05:32 MST	65	30	43	20	36	52	16	16	18	3	1	12
2018-12-09 05:37 MST	64	30	43	20	37	52	15	15	17	2	2	12
2018-12-09 05:42 MST	64	29	43	20	37	52	15	15	17	2	2	12
2018-12-09 05:47 MST	64	28	43	20	37	52	15	15	17	1	3	12
2018-12-09 05:52 MST	64	28	43	20	38	52	16	15	16	1	1	13
2018-12-09 05:57 MST	63	28	43	20	38	52	16	15	18	2	1	13
2018-12-09 06:02 MST	63	27	44	20	38	52	16	15	17	2	0	13
2018-12-09 06:07 MST	63	27	44	20	39	52	17	15	17	2	1	14
2018-12-09 06:12 MST	63	27	44	21	38	51	17	16	17	2	2	15
2018-12-09 14:07 MST	67	44	54	28	49	61	16	15	25	6	8	15
2018-12-09 14:12 MST	68	43	54	29	47	60	15	15	24	5	7	15
2018-12-09 14:17 MST	68	44	54	28	48	60	15	15	23	5	5	15
2018-12-09 14:22 MST	68	45	54	28	48	60	15	17	23	5	3	16
2018-12-09 14:27 MST	67	44	54	28	47	61	15	16	23	6	4	16
2018-12-09 14:32 MST	67	44	55	29	46	60	15	16	23	7	3	15
2018-12-09 14:37 MST	67	44	54	29	46	61	15	15	23	7	5	15
2018-12-09 14:42 MST	68	44	54	29	46	61	15	15	24	7	7	17
2018-12-09 14:47 MST	68	44	54	29	46	60	17	15	23	6	7	20
2018-12-09 14:52 MST	69	45	54	28	46	58	17	17	23	5	4	21
2018-12-09 14:57 MST	69	44	54	28	44	58	16	16	24	3	5	17
2018-12-09 15:02 MST	68	44	54	28	45	58	15	15	23	2	3	17
2018-12-09 15:07 MST	68	44	53	28	45	58	15	15	22	3	2	19
2018-12-09 15:12 MST	68	44	53	28	45	58	15	15	23	3	3	19
2018-12-09 15:17 MST	68	44	53	29	45	58	15	15	23	3	4	21
2018-12-09 15:22 MST	68	44	53	29	45	59	16	15	23	4	4	23
2018-12-09 15:27 MST	68	44	52	29	46	59	16	15	23	4	2	21
2018-12-09 15:32 MST	68	44	52	29	46	58	15	15	23	2	2	22
2018-12-09 15:37 MST	69	44	52	29	46	58	15	15	24	2	5	20
2018-12-09 15:42 MST	69	42	52	29	47	58	15	15	25	2	5	19
2018-12-09 15:47 MST	67	40	52	30	47	58	15	15	25	3	4	18
2018-12-09 15:52 MST	68	40	52	30	47	58	15	16	27	4	2	17
2018-12-09 15:57 MST	68	40	54	30	46	58	16	15	29	5	3	18
2018-12-09 16:02 MST	68	42	53	29	46	58	15	15	31	5	5	19
2018-12-09 16:07 MST	69	42	53	28	45	58	17	15	32	5	4	21
2018-12-09 16:12 MST	69	42	53	29	45	58	18	15	31	5	2	20
2018-12-09 16:17 MST	69	42	52	30	45	58	17	15	27	5	3	19
2018-12-09 16:22 MST	68	42	53	30	44	58	16	15	25	8	2	18
2018-12-09 16:27 MST	68	41	55	30	44	58	16	15	26	8	2	18
2018-12-09 16:32 MST	68	41	56	29	44	58	16	15	27	6	4	18
2018-12-09 16:37 MST	69	41	56	29	44	59	17	16	29	6	2	19
2018-12-09 16:42 MST	69	40	55	29	44	59	18	16	28	7	6	20
2018-12-09 16:47 MST	68	39	55	28	45	58	21	15	29	7	7	20
2018-12-09 16:52 MST	68	40	54	28	46	57	18	15	29	5	4	19
2018-12-09 16:57 MST	68	40	54	27	46	59	16	21	32	4	2	17
2018-12-09 17:02 MST	68	38	54	27	47	59	16	21	32	4	3	16
2018-12-09 17:07 MST	67	37	54	27	47	60	16	17	32	3	4	17
2018-12-09 17:12 MST	67	37	55	27	46	60	17	17	38	4	4	19
2018-12-09 17:17 MST	67	38	55	27	46	60	17	17	39	3	3	18
2018-12-09 17:22 MST	68	37	57	28	46	61	15	16	39	2	4	18
2018-12-09 17:27 MST	67	37	57	28	47	63	14	15	38	2	4	17
2018-12-09 17:32 MST	67	37	58	28	46	63	13	15	34	2	3	17
2018-12-09 17:37 MST	67	37	58	29	47	63	12	15	31	2	3	17
2018-12-09 17:42 MST	67	37	57	29	47	63	12	15	32	2	3	16
2018-12-09 17:47 MST	67	37	56	29	47	63	12	15	35	2	2	19
2018-12-09 17:52 MST	65	37	57	30	47	62	13	15	36	2	4	17
2018-12-09 17:57 MST	64	37	57	29	47	61	13	15	37	2	4	18
2018-12-09 18:02 MST	64	38	58	30	49	59	12	16	36	2	5	18
2018-12-09 18:07 MST	63	38	58	30	47	59	13	15	35	2	4	17
2018-12-09 18:12 MST	63	38	57	30	47	59	13	15	33	2	3	19
2018-12-09 18:17 MST	62	39	58	32	48	58	13	15	37	6	3	18
2018-12-09 18:22 MST	62	38	58	32	45	58	13	15	35	4	2	18
2018-12-09 18:27 MST	62	38	58	30	45	59	13	16	33	3	2	18
2018-12-09 18:32 MST	62	36	58	31	45	59	13	16	33	2	2	17
2018-12-09 18:37 MST	62	35	58	32	46	59	13	15	34	2	2	16
2018-12-09 18:42 MST	62	35	60	32	46	59	13	16	33	3	3	14
2018-12-09 18:47 MST	64	36	60	32	46	59	13	15	32	4	4	12
2018-12-09 18:52 MST	64	39	60	33	46	59	15	16	32	4	4	13
2018-12-09 18:57 MST	65	38	61	32	46	59	16	16	30	4	3	12
2018-12-09 19:02 MST	68	39	61	31	45	59	17	16	29	3	3	13
2018-12-09 19:07 MST	68	38	62	31	45	59	18	17	30	2	3	12
2018-12-09 19:12 MST	67	38	61	31	45	59	18	16	30	2	2	12
2018-12-09 19:17 MST	68	36	60	32	45	60	17	15	30	3	2	11
2018-12-09 19:22 MST	68	36	61	35	45	62	17	15	31	2	2	12
2018-12-09 19:27 MST	68	36	62	35	45	62	16	15	30	2	3	14
2018-12-09 19:32 MST	68	37	61	36	45	62	17	15	32	2	4	13
2018-12-09 19:37 MST	68	37	62	36	45	62	15	15	33	3	2	12
2018-12-09 19:42 MST	69	36	62	36	44	62	15	15	35	3	3	14
2018-12-09 19:47 MST	69	37	62	36	45	63	14	15	32	4	2	14
2018-12-09 19:52 MST	70	39	61	36	47	62	14	15	30	3	3	15
2018-12-09 19:57 MST	71	40	61	36	47	62	13	16	29	2	3	13
2018-12-09 20:02 MST	71	39	61	36	48	61	13	16	27	3	2	13
2018-12-09 20:07 MST	71	41	64	36	48	60	14	16	28	2	3	12
2018-12-09 20:13 MST	71	40	64	36	46	61	14	16	29	2	3	13
2018-12-09 20:18 MST	71	42	64	35	46	61	13	16	30	2	3	14
2018-12-09 20:23 MST	72	42	62	35	46	62	13	16	32	2	3	15
2018-12-09 20:28 MST	72	42	62	35	46	63	13	16	30	2	3	16
2018-12-09 20:33 MST	72	42	62	36	45	62	13	18	28	2	2	16
2018-12-09 20:38 MST	72	43	61	36	45	62	13	16	32	3	2	16
2018-12-09 20:43 MST	72	42	61	35	44	62	14	15	30	2	1	16
2018-12-09 20:48 MST	73	42	61	33	44	64	14	15	29	2	7	17
2018-12-09 20:53 MST	73	42	62	33	44	63	13	15	28	2	7	17
2018-12-09 20:58 MST	74	44	61	34	46	64	13	15	30	2	4	19
2018-12-09 21:03 MST	74	43	61	34	46	63	13	15	31	2	3	19
2018-12-09 21:08 MST	74	43	62	33	47	63	14	14	31	2	4	17
2018-12-09 21:13 MST	74	42	62	32	48	62	13	15	35	3	6	16
2018-12-09 21:18 MST	75	42	61	30	45	62	13	15	32	2	5	16
2018-12-09 21:23 MST	75	42	60	30	45	62	13	15	32	2	4	16
2018-12-09 21:28 MST	74	42	60	30	44	64	13	15	31	2	3	16
2018-12-09 21:33 MST	75	42	58	30	42	63	14	16	31	2	3	17
2018-12-09 21:38 MST	73	43	59	29	42	63	13	16	32	2	3	17
2018-12-09 21:43 MST	72	42	59	29	42	63	13	15	30	1	3	17
2018-12-09 21:48 MST	70	41	58	28	42	63	12	15	29	2	2	17
2018-12-09 21:53 MST	70	41	57	29	41	63	16	15	30	2	1	17
2018-12-09 21:58 MST	70	41	57	29	41	63	14	15	30	3	1	17
2018-12-09 22:03 MST	70	41	57	28	41	64	14	15	32	2	1	15
2018-12-09 22:08 MST	70	41	57	29	41	65	16	15	31	2	2	16
2018-12-09 22:13 MST	71	41	58	29	41	65	14	15	31	2	3	13
2018-12-09 22:18 MST	71	41	57	29	42	65	16	15	32	8	3	12
2018-12-09 22:33 MST	70	41	58	28	40	64	13	15	34	2	2	12
2018-12-09 22:38 MST	71	43	58	28	40	63	13	15	34	2	1	12
2018-12-09 22:43 MST	69	41	57	30	40	62	12	15	38	1	1	12
2018-12-09 22:48 MST	69	39	57	30	40	62	12	15	42	2	1	13
2018-12-09 22:53 MST	69	40	57	30	41	62	13	15	39	3	3	11
2018-12-09 22:58 MST	68	40	58	28	41	62	15	15	38	3	2	10
2018-12-09 23:03 MST	68	41	58	27	42	63	15	15	35	2	2	9
2018-12-09 23:08 MST	69	40	58	25	42	62	15	16	34	3	1	10
2018-12-09 23:13 MST	68	40	57	25	42	62	13	16	32	2	2	9
2018-12-09 23:18 MST	68	40	58	25	42	62	13	17	33	2	3	9
2018-12-09 23:23 MST	68	39	57	25	40	62	12	18	33	2	3	10
2018-12-09 23:28 MST	68	39	57	25	40	63	13	17	34	3	3	11
2018-12-09 23:33 MST	69	39	57	25	40	62	14	18	33	2	4	12
2018-12-09 23:38 MST	69	39	57	25	40	61	14	17	32	3	2	12
2018-12-09 23:43 MST	69	41	56	25	39	60	16	19	29	2	3	11
2018-12-09 23:48 MST	69	41	56	25	38	60	14	20	30	3	1	10
2018-12-09 23:53 MST	69	40	55	25	38	60	15	19	31	2	1	9
2018-12-09 23:58 MST	69	40	55	25	38	60	14	18	32	2	1	9
2018-12-10 00:03 MST	69	40	55	24	38	59	14	18	31	2	0	9
2018-12-10 00:08 MST	68	40	55	25	37	58	16	17	32	2	1	9
2018-12-10 00:13 MST	67	38	55	24	36	57	18	16	32	2	2	12
2018-12-10 00:18 MST	66	37	55	24	36	57	17	16	29	2	3	11
2018-12-10 00:23 MST	66	38	55	24	36	57	18	15	29	2	2	10
2018-12-10 00:28 MST	66	38	54	24	36	57	19	15	31	2	1	9
2018-12-10 00:33 MST	65	38	54	24	36	57	19	17	31	2	1	9
2018-12-10 00:38 MST	65	38	54	24	36	57	19	15	29	2	1	9
2018-12-10 00:43 MST	65	37	54	24	35	57	17	15	29	2	2	9
2018-12-10 00:48 MST	63	37	52	25	35	57	16	15	29	3	1	10
2018-12-10 00:53 MST	62	37	52	25	35	57	17	14	30	3	4	10
2018-12-10 00:58 MST	61	37	51	24	35	56	16	15	30	2	4	9
2018-12-10 01:03 MST	61	37	51	24	35	56	16	15	30	2	4	9
2018-12-10 01:08 MST	60	37	50	24	34	57	14	16	29	4	1	10
2018-12-10 01:13 MST	60	38	50	24	34	57	16	16	27	2	1	9
2018-12-10 01:18 MST	60	38	50	24	34	56	17	16	27	2	1	9
2018-12-10 01:23 MST	60	38	50	24	34	55	18	15	25	3	1	9
2018-12-10 01:28 MST	60	38	50	23	34	54	18	16	23	2	1	9
2018-12-10 01:33 MST	60	39	50	23	34	55	19	15	25	2	1	10
2018-12-10 01:38 MST	60	39	50	23	34	55	18	15	23	2	3	9
2018-12-10 01:43 MST	61	40	49	23	34	55	18	15	21	3	3	9
2018-12-10 01:48 MST	61	40	48	22	35	55	18	15	20	2	2	9
2018-12-10 01:53 MST	61	39	48	21	35	56	16	17	22	3	1	9
2018-12-10 01:58 MST	61	38	48	21	35	56	15	18	22	2	1	9
2018-12-10 02:03 MST	61	38	48	21	35	55	14	17	22	2	1	9
2018-12-10 02:08 MST	61	37	48	21	35	55	14	18	22	2	1	9
2018-12-10 02:13 MST	61	36	48	21	35	55	14	18	21	2	1	9
2018-12-10 02:18 MST	61	36	48	22	35	55	14	18	21	2	2	10
2018-12-10 02:23 MST	61	36	48	22	36	55	14	17	20	2	2	10
2018-12-10 02:28 MST	61	36	47	22	36	54	13	15	20	2	1	9
2018-12-10 02:33 MST	61	36	46	22	36	54	14	15	20	1	1	10
2018-12-10 02:38 MST	61	36	46	24	36	54	14	16	20	2	0	9
2018-12-10 02:43 MST	61	36	46	23	36	54	13	17	22	1	0	9
2018-12-10 02:48 MST	60	36	46	23	35	54	12	18	22	1	0	9
2018-12-10 02:53 MST	60	36	46	23	35	54	14	16	22	1	0	9
2018-12-10 02:58 MST	61	36	46	23	35	54	13	15	22	1	1	9
2018-12-10 03:03 MST	61	35	47	24	35	54	13	15	23	2	1	9
2018-12-10 03:09 MST	61	35	47	24	35	54	12	15	24	2	1	9
2018-12-10 03:14 MST	61	35	47	24	35	54	12	15	23	2	1	10
2018-12-10 03:19 MST	61	35	47	24	35	54	13	15	24	1	2	10
2018-12-10 03:24 MST	60	34	47	24	35	53	13	15	33	2	3	9
2018-12-10 03:29 MST	60	34	47	24	35	53	12	15	26	1	3	9
2018-12-10 03:34 MST	60	35	47	25	36	54	12	15	24	2	3	9
2018-12-10 03:39 MST	59	34	47	25	37	55	12	15	28	2	3	9
2018-12-10 03:44 MST	59	34	47	25	38	55	12	15	25	2	1	9
2018-12-10 03:49 MST	59	34	47	23	38	55	12	14	26	1	1	9
2018-12-10 03:54 MST	59	35	49	24	38	55	12	15	29	2	1	9
2018-12-10 03:59 MST	59	35	49	24	38	55	12	15	27	4	1	9
2018-12-10 04:04 MST	59	35	49	24	37	54	12	15	25	3	1	9
2018-12-10 04:09 MST	59	35	49	24	36	54	12	15	24	3	1	9
2018-12-10 04:14 MST	59	35	49	24	36	54	12	15	23	2	1	9
2018-12-10 04:19 MST	59	35	49	23	36	54	13	15	23	3	1	9
2018-12-10 04:24 MST	59	35	47	22	36	54	12	15	23	2	1	10
2018-12-10 04:29 MST	60	35	47	22	36	54	12	15	24	1	1	9
2018-12-10 04:34 MST	58	35	47	22	36	54	12	15	23	2	1	10
2018-12-10 04:39 MST	58	35	47	22	37	53	13	14	21	2	1	10
2018-12-10 04:44 MST	58	34	47	22	36	53	13	15	20	1	1	10
2018-12-10 04:49 MST	58	34	47	22	34	53	13	14	19	2	1	10
2018-12-10 04:54 MST	58	34	48	21	34	53	13	15	21	1	1	10
2018-12-14 19:11 MST	70	44	36	39	24	65	12	2	8	1	3	4
2018-12-14 19:16 MST	69	44	35	39	25	64	13	3	7	0	3	4
2018-12-14 19:21 MST	69	42	35	36	25	62	13	2	7	0	1	5
2018-12-14 19:26 MST	69	42	35	35	24	62	14	2	7	0	2	5
2018-12-14 19:31 MST	67	41	35	36	22	62	13	2	6	0	1	5
2018-12-14 19:36 MST	67	41	34	35	21	61	14	2	6	1	1	4
2018-12-14 19:41 MST	67	41	34	35	21	62	14	2	7	4	1	5
2018-12-14 19:46 MST	67	41	34	35	21	62	15	1	7	4	1	4
2018-12-14 19:51 MST	68	41	34	35	22	62	16	1	7	4	2	4
2018-12-14 19:56 MST	68	41	35	35	21	62	16	1	7	4	6	4
2018-12-14 20:01 MST	68	41	35	35	21	62	17	1	7	3	8	4
2018-12-14 20:07 MST	68	41	35	35	21	63	15	0	7	3	8	4
2018-12-14 20:12 MST	68	41	35	35	21	63	17	0	7	3	9	4
2018-12-14 20:17 MST	68	40	35	35	21	62	16	1	7	5	9	4
2018-12-14 20:22 MST	68	41	34	34	21	61	14	1	6	2	9	5
2018-12-14 20:27 MST	68	41	33	34	22	61	15	1	7	12	9	5
2018-12-14 20:32 MST	68	41	33	34	21	61	17	0	7	15	9	5
2018-12-14 20:37 MST	67	41	34	34	22	61	17	0	7	16	10	5
2018-12-14 20:42 MST	67	42	34	34	22	60	18	1	7	18	9	5
2018-12-14 20:47 MST	66	41	33	34	22	61	19	2	8	14	6	5
2018-12-14 20:52 MST	65	41	33	34	22	61	16	1	9	6	3	5
2018-12-14 20:57 MST	65	41	33	34	22	61	13	0	9	2	1	5
2018-12-14 21:02 MST	65	40	33	34	22	61	15	2	8	1	1	5
2018-12-14 21:07 MST	66	40	33	33	22	61	20	1	7	2	1	5
2018-12-14 22:10 MST	66	43	29	34	24	59	17	1	6	1	0	5
2018-12-14 22:15 MST	66	43	28	35	23	59	15	0	6	1	1	5
2018-12-14 22:20 MST	66	43	29	35	23	58	17	1	6	0	1	4
2018-12-14 22:25 MST	66	43	30	35	23	58	15	0	6	1	1	4
2018-12-14 22:30 MST	66	43	30	33	22	59	15	1	6	0	1	4
2018-12-14 22:35 MST	66	43	30	33	22	59	13	0	6	0	1	6
2018-12-14 22:40 MST	66	43	30	34	22	59	13	1	6	1	3	5
2018-12-14 22:45 MST	66	43	30	34	22	58	13	1	6	1	2	4
2018-12-14 22:50 MST	65	43	29	34	22	58	13	1	8	1	1	4
2018-12-14 22:56 MST	65	43	29	34	22	58	14	0	13	0	1	4
2018-12-14 23:01 MST	65	43	29	34	21	58	13	0	9	1	1	7
2018-12-14 23:06 MST	65	42	28	35	21	59	14	1	7	4	2	7
2018-12-14 23:11 MST	65	42	28	36	21	59	13	6	6	7	1	5
2018-12-14 23:16 MST	65	43	28	36	21	59	13	4	6	17	1	5
2018-12-14 23:21 MST	64	43	28	36	21	58	13	2	6	17	1	4
2018-12-14 23:26 MST	64	43	28	36	21	58	13	2	6	18	1	4
2018-12-14 23:31 MST	64	43	28	36	21	58	14	1	6	17	1	4
2018-12-14 23:36 MST	64	43	26	35	22	58	14	1	6	10	1	5
2018-12-14 23:41 MST	64	43	26	35	22	59	16	2	6	4	0	5
2018-12-14 23:46 MST	63	43	26	35	23	58	14	1	6	2	1	5
2018-12-14 23:51 MST	63	43	27	35	23	58	14	1	6	2	1	5
2018-12-14 23:56 MST	63	43	27	35	23	58	13	0	6	1	0	5
2018-12-15 00:01 MST	62	43	26	35	22	58	12	4	6	1	1	5
2018-12-15 00:06 MST	63	43	26	35	22	58	13	2	6	1	1	5
2018-12-15 00:11 MST	63	43	26	35	22	57	14	3	6	0	1	4
2018-12-15 00:16 MST	63	43	26	33	22	56	14	1	6	0	1	5
2018-12-15 00:21 MST	63	42	25	32	22	56	13	1	6	0	1	5
2018-12-15 00:26 MST	63	42	25	32	22	56	13	1	6	0	1	5
2018-12-15 00:31 MST	62	42	25	31	22	55	14	0	6	0	0	5
2018-12-15 00:36 MST	62	42	24	31	22	55	15	1	6	0	1	5
2018-12-15 00:41 MST	62	42	24	31	23	55	15	0	6	1	1	5
2018-12-15 00:46 MST	62	43	24	31	23	57	14	1	6	1	1	4
2018-12-15 00:51 MST	63	42	24	31	23	56	14	0	6	1	2	6
2018-12-15 00:56 MST	62	42	24	30	22	57	14	0	6	2	1	7
2018-12-15 01:01 MST	62	42	24	30	21	55	13	2	6	1	0	7
2018-12-15 01:06 MST	62	42	24	30	21	55	12	1	6	1	0	7
2018-12-15 01:11 MST	62	42	24	30	21	55	14	1	6	1	0	8
2018-12-15 01:16 MST	62	42	24	30	20	54	13	2	6	1	1	7
2018-12-15 01:21 MST	62	42	23	29	19	54	14	1	6	0	1	7
2018-12-15 01:26 MST	62	42	23	28	19	53	13	1	6	0	1	7
2018-12-15 01:31 MST	62	42	23	28	19	53	12	1	6	0	1	7
2018-12-15 01:36 MST	62	41	23	28	19	53	12	1	6	1	1	7
2018-12-15 01:41 MST	62	40	24	28	19	53	12	0	6	0	1	7
2018-12-15 01:46 MST	62	41	23	29	18	53	12	0	6	1	1	8
2018-12-15 01:51 MST	62	41	24	29	17	53	12	1	6	0	1	7
2018-12-15 01:56 MST	62	41	24	29	17	53	12	1	6	0	1	7
2018-12-15 02:01 MST	62	40	24	29	17	53	12	1	6	0	1	8
2018-12-15 02:06 MST	62	39	24	29	17	53	12	2	6	0	1	7
2018-12-15 02:11 MST	62	39	24	29	17	53	12	1	6	0	1	7
2018-12-15 02:16 MST	62	39	24	29	17	53	12	0	6	0	1	7
2018-12-15 02:21 MST	62	39	24	29	17	53	12	1	6	1	1	9
2018-12-15 02:26 MST	62	39	24	29	17	53	12	2	6	1	1	8
2018-12-15 02:31 MST	62	39	24	29	17	54	12	1	9	1	1	7
2018-12-15 02:36 MST	62	38	25	29	17	50	12	1	7	1	1	7
2018-12-15 02:41 MST	62	39	24	29	17	51	12	1	7	1	0	6
2018-12-15 02:46 MST	62	39	24	29	17	51	12	1	7	1	0	7
2018-12-15 02:51 MST	61	39	24	29	17	51	12	0	6	1	1	7
2018-12-15 02:56 MST	61	39	24	29	17	50	12	1	6	1	1	7
2018-12-15 03:01 MST	61	39	23	29	17	50	12	1	6	1	1	7
2018-12-15 03:06 MST	61	38	23	29	16	49	14	1	6	0	1	7
2018-12-15 03:11 MST	60	38	23	29	16	50	13	3	6	0	1	7
2018-12-15 03:16 MST	60	37	23	29	16	50	12	1	7	1	1	7
2018-12-15 03:21 MST	60	37	22	29	16	50	12	1	6	1	1	6
2018-12-15 03:26 MST	60	37	22	29	16	50	12	1	6	0	1	8
2018-12-15 03:31 MST	60	37	22	29	16	50	12	0	6	0	1	7
2018-12-15 03:36 MST	60	37	22	29	16	50	12	0	6	0	1	7
2018-12-15 03:41 MST	60	37	22	29	16	50	12	2	6	0	1	6
2018-12-15 03:46 MST	60	37	22	29	16	50	12	1	6	0	1	7
2018-12-15 03:51 MST	60	37	22	29	16	50	12	0	6	0	1	7
2018-12-15 03:56 MST	59	37	22	29	16	50	13	4	6	0	4	6
2018-12-15 04:01 MST	59	36	22	29	16	50	12	3	7	0	2	6
2018-12-15 04:06 MST	59	36	22	29	16	51	12	2	6	0	2	7
2018-12-15 04:11 MST	58	36	22	29	16	51	12	1	6	0	1	7
2018-12-15 04:16 MST	58	36	22	29	16	51	12	1	6	1	1	7
2018-12-15 04:21 MST	58	36	22	29	16	50	12	1	6	1	1	6
2018-12-15 04:26 MST	58	36	22	29	16	50	11	1	6	0	1	7
2018-12-15 04:31 MST	58	36	22	29	16	50	12	0	6	0	1	7
2018-12-15 04:36 MST	59	36	22	29	16	50	12	1	6	2	1	6
2018-12-15 04:41 MST	58	36	22	29	16	50	11	1	7	1	1	6
2018-12-15 04:46 MST	58	36	22	29	16	50	12	2	6	1	1	7
2018-12-15 04:51 MST	58	36	21	29	16	50	12	2	6	1	1	7
2018-12-15 04:56 MST	58	36	21	29	16	50	12	1	6	1	1	7
2018-12-15 05:01 MST	58	36	21	29	16	50	12	3	6	1	1	7
2018-12-15 05:06 MST	58	36	21	29	16	50	12	1	6	0	1	7
2018-12-15 05:11 MST	58	36	21	30	16	50	11	1	6	1	1	7
2018-12-15 05:16 MST	59	37	22	29	16	50	12	1	6	1	1	7
2018-12-15 05:21 MST	59	37	22	29	16	50	11	0	6	1	1	7
2018-12-15 05:26 MST	59	37	22	29	16	50	12	0	6	0	1	7
2018-12-15 05:31 MST	59	37	22	29	16	49	12	1	6	0	1	7
2018-12-15 05:36 MST	59	38	22	29	16	50	12	2	6	1	1	7
2018-12-15 05:41 MST	59	38	22	29	16	50	12	1	6	0	0	7
2018-12-15 05:46 MST	59	38	22	29	16	50	12	0	6	0	2	7
2018-12-15 05:51 MST	59	38	22	29	16	50	12	1	7	0	1	7
2018-12-15 05:56 MST	59	38	22	29	16	51	12	0	6	0	1	7
2018-12-15 06:01 MST	59	38	23	29	16	51	12	1	6	1	1	7
2018-12-15 06:06 MST	59	38	23	29	16	51	12	1	8	2	0	7
2018-12-15 06:11 MST	60	38	23	29	16	52	12	1	7	1	0	7
2018-12-15 06:16 MST	60	38	23	29	16	52	12	2	6	1	0	7
2018-12-15 06:21 MST	60	38	24	29	16	52	13	4	8	1	1	7
2018-12-15 06:26 MST	60	38	24	29	16	52	12	2	7	1	1	8
2018-12-15 06:31 MST	60	38	24	30	16	52	13	1	6	2	1	7
2018-12-15 06:36 MST	60	38	24	30	17	52	12	1	6	1	2	7
2018-12-15 06:41 MST	60	38	24	31	18	52	12	2	6	2	3	8
2018-12-15 06:46 MST	61	38	24	31	18	53	12	1	7	4	2	8
2018-12-15 06:51 MST	61	38	24	31	18	53	12	1	7	4	2	9
2018-12-15 06:56 MST	61	38	24	31	18	53	12	1	6	2	1	8
2018-12-15 07:01 MST	61	38	24	32	18	53	12	1	6	1	3	8
2018-12-15 07:06 MST	61	38	24	32	18	53	12	0	6	1	2	6
2018-12-15 11:19 MST	68	43	33	36	26	56	12	4	19	4	6	10
2018-12-15 15:05 MST	67	48	36	35	28	67	13	3	11	1	11	10
2018-12-15 15:10 MST	67	48	35	35	28	67	12	4	10	3	10	9
2018-12-15 15:15 MST	67	49	34	34	28	68	14	7	8	2	11	10
2018-12-15 15:20 MST	67	49	34	33	28	68	13	8	7	1	14	17
2018-12-15 15:25 MST	66	49	34	33	28	69	13	8	7	1	18	15
2018-12-15 15:30 MST	66	49	33	32	28	68	13	6	7	1	15	11
2018-12-15 15:35 MST	64	49	33	32	28	68	12	4	8	1	13	10
2018-12-15 15:40 MST	64	49	32	32	28	68	12	4	9	1	17	13
2018-12-15 15:45 MST	63	49	31	32	28	69	12	2	8	1	16	13
2018-12-15 15:50 MST	63	49	30	32	27	68	12	4	7	0	12	12
2018-12-15 15:55 MST	62	49	29	32	27	67	12	4	6	0	10	10
2018-12-15 16:00 MST	62	49	29	33	27	66	12	3	11	0	9	11
2018-12-15 16:05 MST	61	48	29	32	27	65	12	2	9	1	9	12
2018-12-15 16:10 MST	60	48	29	32	27	65	12	2	10	1	9	14
2018-12-15 16:15 MST	61	48	29	33	27	64	12	2	8	2	8	12
2018-12-15 16:20 MST	60	47	29	33	27	64	12	1	7	1	7	10
2018-12-15 16:25 MST	60	47	29	33	27	64	13	2	9	1	7	8
2018-12-15 16:47 MST	61	47	30	35	28	64	12	0	9	1	11	6
2018-12-15 16:52 MST	61	48	31	35	28	64	12	2	10	1	8	7
2018-12-15 16:57 MST	62	48	31	35	28	64	12	1	11	2	9	6
2018-12-15 17:02 MST	62	48	31	36	27	64	12	2	12	1	13	5
2018-12-15 17:07 MST	64	48	32	36	28	65	12	1	12	2	18	5
2018-12-15 17:12 MST	65	47	32	36	28	65	13	3	13	2	28	6
2018-12-15 17:17 MST	65	47	32	36	28	65	12	1	13	2	63	5
2018-12-15 17:22 MST	62	47	32	34	29	65	12	1	11	2	29	4
2018-12-15 17:27 MST	62	47	32	35	28	65	12	1	10	3	18	4
2018-12-15 17:32 MST	62	47	32	35	28	65	12	1	12	2	14	5
2018-12-15 17:37 MST	62	47	32	35	27	64	12	1	13	2	14	5
2018-12-15 17:42 MST	62	46	32	35	27	64	12	1	13	1	14	4
2018-12-15 17:47 MST	62	46	32	35	27	62	11	1	13	1	16	6
2018-12-15 17:52 MST	62	46	31	35	26	62	12	1	11	1	14	7
2018-12-15 17:57 MST	62	46	31	35	26	63	12	1	11	1	12	7
2018-12-15 18:02 MST	61	46	31	35	25	63	12	3	10	1	9	6
2018-12-15 18:07 MST	62	45	31	35	25	63	12	3	10	0	7	5
2018-12-15 18:12 MST	62	47	31	34	25	63	11	4	9	1	6	4
2018-12-15 18:17 MST	62	47	31	34	25	63	12	4	8	1	7	4
2018-12-15 18:22 MST	62	47	31	33	26	63	13	2	7	2	4	5
2018-12-15 18:27 MST	62	47	30	32	26	63	12	2	8	1	2	7
2018-12-15 18:32 MST	61	47	31	32	26	63	12	6	7	1	4	6
2018-12-15 18:37 MST	62	47	31	31	27	63	13	2	7	1	2	5
2018-12-15 18:42 MST	61	46	31	31	26	63	12	3	6	1	1	7
2018-12-15 18:47 MST	61	46	30	31	26	63	12	3	6	1	1	7
2018-12-15 18:52 MST	60	45	30	31	25	63	12	2	7	1	1	5
2018-12-15 18:57 MST	59	46	30	30	25	62	12	2	7	1	0	5
2018-12-15 19:02 MST	59	47	30	31	25	61	12	3	7	1	1	4
2018-12-15 19:07 MST	59	47	31	31	25	61	12	1	7	1	2	4
2018-12-15 19:12 MST	59	45	31	31	24	61	11	1	7	2	3	4
2018-12-15 19:17 MST	59	45	31	31	24	61	12	1	7	1	4	5
2018-12-15 19:22 MST	59	45	30	31	25	62	12	1	7	1	2	4
2018-12-15 19:27 MST	59	45	31	31	25	62	12	2	7	0	2	4
2018-12-15 19:32 MST	59	45	31	31	25	62	12	1	7	0	2	4
2018-12-15 19:37 MST	60	45	31	29	25	63	12	2	7	0	2	5
2018-12-15 19:42 MST	60	45	31	30	25	62	12	3	8	0	2	4
2018-12-15 19:47 MST	60	46	30	30	25	62	12	6	9	2	3	3
2018-12-15 19:52 MST	60	45	30	28	25	61	14	5	10	3	3	4
2018-12-15 19:57 MST	61	46	31	28	25	61	12	2	8	2	1	4
2018-12-15 20:02 MST	62	46	31	28	25	61	12	3	7	2	1	3
2018-12-15 20:07 MST	62	46	31	28	25	61	12	2	6	3	1	3
2018-12-15 20:12 MST	62	45	30	29	24	61	12	1	7	3	1	3
2018-12-15 20:17 MST	61	45	29	29	24	61	12	4	6	2	1	4
2018-12-15 20:22 MST	61	45	28	28	22	60	14	4	6	1	1	4
2018-12-15 20:27 MST	61	44	28	26	22	60	12	4	6	2	1	3
2018-12-15 20:32 MST	61	44	28	27	22	60	12	4	6	3	1	2
2018-12-18 12:20 MST	99	65	58	75	69	91	24	8	16	10	10	6
2018-12-18 12:25 MST	99	65	58	75	68	92	24	10	15	9	8	5
2018-12-18 12:30 MST	98	64	59	76	66	92	25	10	14	9	12	7
2018-12-18 12:35 MST	97	65	60	78	65	92	25	8	14	13	12	9
2018-12-18 12:40 MST	99	64	60	78	64	93	24	10	15	19	13	9
2018-12-18 12:45 MST	101	61	59	77	63	93	25	17	18	14	39	12
2018-12-18 12:50 MST	100	61	59	79	63	94	25	20	20	21	59	8
2018-12-18 12:55 MST	101	61	61	80	62	94	25	22	20	16	30	10
2018-12-18 13:00 MST	102	60	62	80	62	93	26	25	19	15	34	12
2018-12-18 13:05 MST	102	62	61	79	62	92	26	29	18	11	30	14
2018-12-18 13:10 MST	103	63	60	78	61	90	28	28	17	8	86	15
2018-12-18 13:15 MST	104	63	59	78	60	90	29	21	15	7	48	15
2018-12-18 13:20 MST	104	65	60	79	61	90	32	18	15	8	38	13
2018-12-18 13:25 MST	105	65	60	77	61	91	30	14	14	15	31	12
2018-12-18 13:30 MST	106	64	60	77	62	92	33	17	15	11	25	15
2018-12-18 13:35 MST	106	63	60	78	64	94	39	17	14	9	17	11
2018-12-18 13:40 MST	105	64	60	75	62	92	30	15	14	9	45	10
2018-12-18 13:45 MST	105	64	59	76	61	91	26	16	17	9	24	10
2018-12-18 13:50 MST	106	64	59	76	61	91	25	21	17	10	17	8
2018-12-18 13:55 MST	106	62	57	76	63	93	31	24	17	11	31	6
2018-12-18 14:00 MST	105	61	60	77	62	94	34	22	16	12	36	8
2018-12-18 14:05 MST	103	61	58	77	64	94	45	21	24	15	34	19
2018-12-18 14:10 MST	102	61	59	79	66	95	45	21	22	18	44	20
2018-12-18 14:15 MST	104	62	61	80	67	93	38	23	25	13	42	11
2018-12-18 14:20 MST	104	62	62	80	66	93	38	16	29	12	24	20
2018-12-18 14:25 MST	103	64	63	80	66	94	37	14	29	13	24	16
2018-12-18 14:30 MST	103	62	65	80	65	92	36	11	29	11	23	20
2018-12-18 14:35 MST	103	66	66	76	64	92	36	10	31	11	62	15
2018-12-18 14:40 MST	103	67	65	76	63	94	35	9	33	15	44	14
2018-12-18 14:45 MST	103	66	64	76	63	96	35	8	30	19	30	14
2018-12-18 14:50 MST	102	66	67	78	64	97	36	12	29	23	22	16
2018-12-18 14:55 MST	104	67	66	79	68	97	36	10	30	15	38	14
2018-12-18 15:00 MST	106	69	66	79	69	98	34	15	26	13	20	13
2018-12-18 15:05 MST	105	67	65	79	67	101	31	16	35	9	12	13
2018-12-18 15:10 MST	106	69	65	80	69	100	32	16	27	6	9	17
2018-12-18 15:15 MST	107	69	65	81	69	100	33	12	25	8	8	16
2018-12-18 15:20 MST	106	70	66	81	68	101	33	12	24	9	9	24
2018-12-18 15:25 MST	106	70	66	81	69	101	34	12	24	10	10	28
2018-12-18 15:30 MST	104	67	67	82	68	100	32	13	25	9	11	22
2018-12-18 15:35 MST	104	67	67	81	67	98	32	13	24	9	13	20
2018-12-18 15:40 MST	102	66	65	80	66	98	33	15	24	12	17	21
2018-12-18 15:45 MST	103	66	65	80	66	98	30	11	26	12	18	19
2018-12-18 15:50 MST	103	67	63	79	65	95	31	12	24	11	24	18
2018-12-18 15:55 MST	103	68	64	79	65	94	32	9	26	15	29	15
2018-12-18 16:16 MST	97	65	65	75	60	92	30	10	37	18	16	16
2018-12-18 16:21 MST	98	66	65	75	59	91	30	15	34	14	16	14
2018-12-18 16:26 MST	98	66	63	75	62	92	34	17	27	11	16	13
2018-12-18 16:31 MST	99	65	65	73	57	91	34	15	24	12	15	12
2018-12-18 16:36 MST	101	65	63	72	56	90	31	16	21	9	15	22
2018-12-18 16:41 MST	101	67	63	72	56	91	38	16	20	8	11	17
2018-12-18 16:46 MST	99	67	62	72	56	91	32	16	17	9	8	16
2018-12-18 16:51 MST	99	66	60	72	55	90	32	16	17	11	7	13
2018-12-18 17:04 MST	96	64	62	74	52	90	25	15	14	9	8	11
2018-12-18 17:09 MST	95	66	62	74	52	89	24	17	15	10	8	8
2018-12-18 17:14 MST	93	66	62	76	50	89	23	18	15	9	7	8
2018-12-18 17:19 MST	93	65	61	78	50	90	23	14	15	9	7	6
2018-12-18 17:24 MST	95	64	60	77	49	90	24	13	18	8	7	13
2018-12-18 17:29 MST	96	61	61	77	49	89	26	11	16	7	6	12
2018-12-18 17:34 MST	96	61	61	77	49	89	24	10	12	6	4	9
2018-12-18 17:39 MST	96	61	59	77	49	89	21	10	12	8	4	8
2018-12-18 17:44 MST	98	63	60	76	50	89	23	9	12	11	4	7
2018-12-18 17:49 MST	97	61	59	76	50	88	26	10	16	11	4	8
2018-12-18 17:54 MST	97	59	59	75	50	86	22	9	22	11	4	8
2018-12-18 17:59 MST	97	60	57	73	49	87	19	9	21	10	4	8
2018-12-18 18:04 MST	96	58	58	74	49	87	19	10	21	10	4	11
2018-12-18 18:09 MST	98	58	57	74	47	87	19	8	17	11	3	12
2018-12-18 18:14 MST	97	58	58	73	46	84	22	9	20	10	4	11
2018-12-18 18:19 MST	97	61	57	73	46	83	26	9	23	9	5	8
2018-12-18 18:24 MST	97	60	55	74	45	83	28	10	17	8	6	6
2018-12-18 22:08 MST	86	59	49	71	49	78	22	21	20	8	16	4
2018-12-18 22:13 MST	86	58	49	71	50	76	24	21	20	8	16	4
2018-12-18 22:18 MST	87	57	48	71	47	76	24	21	18	7	13	3
2018-12-18 22:23 MST	87	56	48	70	47	76	26	26	19	6	13	3
2018-12-18 22:28 MST	84	56	48	70	47	75	20	21	20	8	12	4
2018-12-18 22:33 MST	84	56	48	70	49	75	16	17	24	7	12	4
2018-12-18 22:38 MST	85	57	47	71	49	75	14	18	23	7	13	4
2018-12-18 22:43 MST	86	56	47	71	50	76	14	18	19	7	13	8
2018-12-18 22:48 MST	85	55	47	71	49	77	13	18	16	7	15	22
2018-12-18 22:53 MST	85	55	46	71	49	77	13	20	15	8	16	17
2018-12-18 22:58 MST	86	55	46	72	50	76	15	20	16	7	15	19
2018-12-18 23:03 MST	87	54	46	72	49	76	15	19	17	6	13	34
2018-12-18 23:08 MST	86	54	46	72	48	76	14	17	17	5	13	21
2018-12-18 23:13 MST	84	54	46	72	48	75	21	14	18	5	13	12
2018-12-18 23:18 MST	84	54	45	71	47	76	18	13	18	6	17	9
2018-12-18 23:23 MST	85	55	44	70	47	75	17	13	18	5	15	8
2018-12-18 23:28 MST	85	54	44	69	48	76	18	13	21	4	16	6
2018-12-18 23:33 MST	85	54	44	70	48	74	17	13	25	5	17	6
2018-12-18 23:38 MST	85	52	44	69	48	75	17	13	28	6	15	6
2018-12-18 23:43 MST	85	54	45	68	47	74	16	13	28	6	14	6
2018-12-18 23:48 MST	83	53	44	68	46	74	17	14	28	9	14	9
2018-12-18 23:53 MST	83	53	44	68	45	75	16	13	25	7	13	9
2018-12-18 23:58 MST	83	52	44	67	46	75	15	13	20	5	14	7
2018-12-19 00:03 MST	84	53	44	66	44	75	16	13	19	5	16	6
2018-12-19 00:08 MST	83	53	43	65	44	75	18	13	18	5	16	10
2018-12-19 00:13 MST	83	52	43	65	44	75	17	12	18	5	15	15
2018-12-19 00:18 MST	83	54	43	64	43	75	17	13	18	5	14	12
2018-12-19 00:23 MST	82	53	43	61	43	75	16	15	18	4	14	8
2018-12-19 00:28 MST	81	52	42	60	42	74	14	14	18	4	11	6
2018-12-19 00:33 MST	79	52	41	61	42	74	12	15	17	4	14	7
2018-12-19 00:38 MST	79	53	40	61	42	75	13	17	18	4	14	7
2018-12-19 00:43 MST	79	53	40	62	41	74	17	16	17	4	14	7
2018-12-19 00:48 MST	81	52	40	61	41	72	15	16	19	4	12	7
2018-12-19 00:53 MST	81	52	41	61	41	72	12	15	20	4	11	8
2018-12-19 00:58 MST	81	52	40	61	41	72	11	14	21	4	9	7
2018-12-19 01:03 MST	81	54	39	60	42	71	11	15	20	4	9	6
2018-12-19 01:08 MST	81	53	39	59	42	71	10	14	19	4	11	7
2018-12-19 01:13 MST	81	53	39	60	41	71	12	13	20	4	11	6
2018-12-19 01:18 MST	81	54	39	61	42	72	12	14	21	7	13	7
2018-12-19 01:23 MST	81	54	40	60	42	72	14	13	20	9	12	8
2018-12-19 01:28 MST	80	54	41	62	43	71	14	13	22	8	15	7
2018-12-19 01:33 MST	79	55	43	58	42	71	13	14	21	7	14	9
2018-12-19 01:38 MST	78	55	42	58	42	71	14	15	22	7	15	9
2018-12-19 01:43 MST	78	55	42	59	42	71	14	15	23	6	14	13
2018-12-19 01:48 MST	77	54	41	57	42	72	14	14	21	5	14	17
2018-12-19 01:53 MST	76	54	41	57	41	70	15	13	19	4	14	14
2018-12-19 01:58 MST	76	54	40	57	40	70	14	13	18	4	12	13
2018-12-19 02:03 MST	76	54	39	57	40	71	14	13	18	4	12	11
2018-12-19 02:08 MST	76	52	38	58	39	70	14	14	19	5	12	13
2018-12-19 02:13 MST	77	50	37	58	38	70	14	14	19	5	20	12
2018-12-19 02:18 MST	76	50	37	57	38	71	14	13	18	4	19	12
2018-12-19 02:23 MST	76	50	37	57	37	70	14	13	18	4	15	12
2018-12-19 02:28 MST	78	50	37	56	35	69	14	14	17	3	14	12
2018-12-19 02:33 MST	78	50	37	55	35	69	14	12	17	4	14	12
2018-12-19 02:38 MST	77	50	38	55	36	69	14	13	18	5	14	10
2018-12-19 02:43 MST	80	52	39	56	37	68	14	13	19	4	13	9
2018-12-19 02:48 MST	79	52	38	56	37	68	14	13	20	4	13	10
2018-12-19 02:53 MST	78	52	38	56	37	68	15	13	20	4	13	9
2018-12-19 02:58 MST	77	52	39	56	37	67	14	13	20	4	13	9
2018-12-19 03:03 MST	77	52	38	56	37	67	14	13	19	5	13	9
2018-12-19 03:08 MST	76	52	38	56	37	67	13	13	17	11	14	8
2018-12-19 03:13 MST	77	52	38	56	37	67	13	13	18	6	14	8
2018-12-19 03:18 MST	77	51	38	58	37	67	13	13	20	5	14	10
2018-12-19 03:23 MST	77	50	38	58	37	67	13	14	18	8	13	10
2018-12-19 03:28 MST	77	50	38	58	37	67	13	13	17	9	11	9
2018-12-19 03:33 MST	76	48	38	56	37	65	13	11	17	7	11	9
2018-12-19 03:38 MST	76	49	38	56	37	65	13	11	17	7	10	8
2018-12-19 03:43 MST	76	49	38	56	37	65	13	10	17	7	9	9
2018-12-19 03:48 MST	76	48	37	55	36	65	15	10	17	6	10	8
2018-12-19 03:53 MST	77	48	37	55	36	65	15	10	17	4	10	8
2018-12-19 03:58 MST	76	48	36	55	36	65	16	11	18	5	9	8
2018-12-19 04:03 MST	76	47	36	55	36	65	16	11	17	3	8	9
2018-12-19 04:08 MST	76	46	36	55	36	65	17	11	17	3	8	8
2018-12-19 04:13 MST	76	47	35	55	36	66	16	11	19	3	8	9
2018-12-19 04:18 MST	79	47	36	54	36	66	16	10	17	4	8	8
2018-12-19 04:23 MST	78	46	36	54	36	67	15	10	17	4	8	8
2018-12-19 04:28 MST	78	46	37	54	37	67	17	11	17	4	8	9
2018-12-19 04:33 MST	79	46	37	54	36	68	16	10	17	4	7	8
2018-12-19 04:38 MST	79	46	37	54	36	68	18	10	19	3	7	7
2018-12-19 04:43 MST	80	46	36	53	36	68	16	10	18	3	7	10
2018-12-19 04:48 MST	80	46	36	54	36	68	14	10	17	3	7	9
2018-12-19 04:53 MST	80	46	36	54	36	69	13	11	17	3	9	9
2018-12-19 04:58 MST	79	46	36	54	37	69	14	11	17	3	9	9
2018-12-19 05:03 MST	77	46	36	54	35	69	14	10	17	3	10	8
2018-12-19 05:08 MST	77	47	36	54	35	69	13	10	17	4	10	8
2018-12-19 05:13 MST	77	47	36	54	35	68	14	10	21	3	10	9
2018-12-19 05:18 MST	78	47	36	54	35	68	15	10	18	1	11	9
2018-12-19 05:23 MST	78	47	36	54	35	68	14	10	18	1	10	8
2018-12-19 05:28 MST	78	47	36	54	35	68	13	10	17	1	10	8
2018-12-21 23:26 MST	55	56	9	13	48	71	12	7	10	7	7	15
2018-12-21 23:31 MST	55	56	9	13	48	71	12	6	7	7	8	14
2018-12-21 23:36 MST	55	56	9	13	48	70	12	7	6	7	7	13
2018-12-21 23:41 MST	55	56	9	13	48	70	12	7	6	7	7	13
2018-12-21 23:46 MST	55	55	9	11	48	69	12	6	6	9	8	12
2018-12-21 23:51 MST	54	55	9	11	48	68	12	7	6	7	8	10
2018-12-21 23:56 MST	55	55	9	11	47	67	12	8	6	8	7	10
2018-12-22 00:01 MST	56	54	9	11	46	67	12	9	6	8	7	11
2018-12-22 00:06 MST	56	55	9	11	46	68	13	9	6	7	9	11
average	76	45	52	36	41	65	19	13	19	6	7	13
